Loading files...
200 spam files
200 ham files

50% used for training and 50% used for testing

Splitting data...
200 spam files
200 ham files

Spam: 100 training files and 100 test files
Ham:  100 training files and 100 test files

Making Suffix Tree...

Testing Data...
testing spam 100

testing ham 100

Done!!!


Stats:
TH       SS       SH       HS       HH       Accuracy TPR      FPR      TNR      FNR
0.01     0        100      0        100      0.500    0.000    0.000    1.000    1.000    
0.02     0        100      0        100      0.500    0.000    0.000    1.000    1.000    
0.03     0        100      0        100      0.500    0.000    0.000    1.000    1.000    
0.04     0        100      0        100      0.500    0.000    0.000    1.000    1.000    
0.05     0        100      0        100      0.500    0.000    0.000    1.000    1.000    
0.06     0        100      0        100      0.500    0.000    0.000    1.000    1.000    
0.07     0        100      0        100      0.500    0.000    0.000    1.000    1.000    
0.08     0        100      0        100      0.500    0.000    0.000    1.000    1.000    
0.09     0        100      0        100      0.500    0.000    0.000    1.000    1.000    
0.10     0        100      0        100      0.500    0.000    0.000    1.000    1.000    
0.11     0        100      0        100      0.500    0.000    0.000    1.000    1.000    
0.12     0        100      0        100      0.500    0.000    0.000    1.000    1.000    
0.13     0        100      0        100      0.500    0.000    0.000    1.000    1.000    
0.14     0        100      0        100      0.500    0.000    0.000    1.000    1.000    
0.15     0        100      0        100      0.500    0.000    0.000    1.000    1.000    
0.16     0        100      0        100      0.500    0.000    0.000    1.000    1.000    
0.17     0        100      0        100      0.500    0.000    0.000    1.000    1.000    
0.18     0        100      0        100      0.500    0.000    0.000    1.000    1.000    
0.19     0        100      0        100      0.500    0.000    0.000    1.000    1.000    
0.20     0        100      0        100      0.500    0.000    0.000    1.000    1.000    
0.21     0        100      0        100      0.500    0.000    0.000    1.000    1.000    
0.22     0        100      0        100      0.500    0.000    0.000    1.000    1.000    
0.23     0        100      0        100      0.500    0.000    0.000    1.000    1.000    
0.24     0        100      0        100      0.500    0.000    0.000    1.000    1.000    
0.25     0        100      0        100      0.500    0.000    0.000    1.000    1.000    
0.26     0        100      0        100      0.500    0.000    0.000    1.000    1.000    
0.27     0        100      0        100      0.500    0.000    0.000    1.000    1.000    
0.28     0        100      0        100      0.500    0.000    0.000    1.000    1.000    
0.29     0        100      0        100      0.500    0.000    0.000    1.000    1.000    
0.30     0        100      0        100      0.500    0.000    0.000    1.000    1.000    
0.31     0        100      0        100      0.500    0.000    0.000    1.000    1.000    
0.32     0        100      0        100      0.500    0.000    0.000    1.000    1.000    
0.33     0        100      0        100      0.500    0.000    0.000    1.000    1.000    
0.34     0        100      0        100      0.500    0.000    0.000    1.000    1.000    
0.35     0        100      0        100      0.500    0.000    0.000    1.000    1.000    
0.36     0        100      0        100      0.500    0.000    0.000    1.000    1.000    
0.37     0        100      0        100      0.500    0.000    0.000    1.000    1.000    
0.38     0        100      0        100      0.500    0.000    0.000    1.000    1.000    
0.39     1        99       0        100      0.505    0.010    0.000    1.000    0.990    
0.40     1        99       0        100      0.505    0.010    0.000    1.000    0.990    
0.41     1        99       0        100      0.505    0.010    0.000    1.000    0.990    
0.42     1        99       0        100      0.505    0.010    0.000    1.000    0.990    
0.43     2        98       0        100      0.510    0.020    0.000    1.000    0.980    
0.44     2        98       0        100      0.510    0.020    0.000    1.000    0.980    
0.45     2        98       0        100      0.510    0.020    0.000    1.000    0.980    
0.46     2        98       0        100      0.510    0.020    0.000    1.000    0.980    
0.47     2        98       0        100      0.510    0.020    0.000    1.000    0.980    
0.48     2        98       0        100      0.510    0.020    0.000    1.000    0.980    
0.49     2        98       0        100      0.510    0.020    0.000    1.000    0.980    
0.50     2        98       0        100      0.510    0.020    0.000    1.000    0.980    
0.51     2        98       0        100      0.510    0.020    0.000    1.000    0.980    
0.52     2        98       0        100      0.510    0.020    0.000    1.000    0.980    
0.53     3        97       0        100      0.515    0.030    0.000    1.000    0.970    
0.54     5        95       0        100      0.525    0.050    0.000    1.000    0.950    
0.55     6        94       0        100      0.530    0.060    0.000    1.000    0.940    
0.56     6        94       0        100      0.530    0.060    0.000    1.000    0.940    
0.57     6        94       0        100      0.530    0.060    0.000    1.000    0.940    
0.58     6        94       0        100      0.530    0.060    0.000    1.000    0.940    
0.59     6        94       0        100      0.530    0.060    0.000    1.000    0.940    
0.60     6        94       0        100      0.530    0.060    0.000    1.000    0.940    
0.61     7        93       0        100      0.535    0.070    0.000    1.000    0.930    
0.62     8        92       0        100      0.540    0.080    0.000    1.000    0.920    
0.63     9        91       0        100      0.545    0.090    0.000    1.000    0.910    
0.64     9        91       0        100      0.545    0.090    0.000    1.000    0.910    
0.65     9        91       0        100      0.545    0.090    0.000    1.000    0.910    
0.66     9        91       0        100      0.545    0.090    0.000    1.000    0.910    
0.67     10       90       0        100      0.550    0.100    0.000    1.000    0.900    
0.68     13       87       1        99       0.560    0.130    0.010    0.990    0.870    
0.69     14       86       1        99       0.565    0.140    0.010    0.990    0.860    
0.70     16       84       1        99       0.575    0.160    0.010    0.990    0.840    
0.71     17       83       1        99       0.580    0.170    0.010    0.990    0.830    
0.72     18       82       1        99       0.585    0.180    0.010    0.990    0.820    
0.73     20       80       1        99       0.595    0.200    0.010    0.990    0.800    
0.74     25       75       1        99       0.620    0.250    0.010    0.990    0.750    
0.75     26       74       1        99       0.625    0.260    0.010    0.990    0.740    
0.76     29       71       1        99       0.640    0.290    0.010    0.990    0.710    
0.77     30       70       2        98       0.640    0.300    0.020    0.980    0.700    
0.78     35       65       2        98       0.665    0.350    0.020    0.980    0.650    
0.79     37       63       2        98       0.675    0.370    0.020    0.980    0.630    
0.80     39       61       2        98       0.685    0.390    0.020    0.980    0.610    
0.81     40       60       2        98       0.690    0.400    0.020    0.980    0.600    
0.82     42       58       2        98       0.700    0.420    0.020    0.980    0.580    
0.83     45       55       2        98       0.715    0.450    0.020    0.980    0.550    
0.84     47       53       2        98       0.725    0.470    0.020    0.980    0.530    
0.85     52       48       2        98       0.750    0.520    0.020    0.980    0.480    
0.86     55       45       2        98       0.765    0.550    0.020    0.980    0.450    
0.87     58       42       2        98       0.780    0.580    0.020    0.980    0.420    
0.88     59       41       3        97       0.780    0.590    0.030    0.970    0.410    
0.89     64       36       4        96       0.800    0.640    0.040    0.960    0.360    
0.90     68       32       4        96       0.820    0.680    0.040    0.960    0.320    
0.91     69       31       5        95       0.820    0.690    0.050    0.950    0.310    
0.92     70       30       5        95       0.825    0.700    0.050    0.950    0.300    
0.93     72       28       5        95       0.835    0.720    0.050    0.950    0.280    
0.94     73       27       5        95       0.840    0.730    0.050    0.950    0.270    
0.95     75       25       5        95       0.850    0.750    0.050    0.950    0.250    
0.96     79       21       5        95       0.870    0.790    0.050    0.950    0.210    
0.97     81       19       5        95       0.880    0.810    0.050    0.950    0.190    
0.98     83       17       6        94       0.885    0.830    0.060    0.940    0.170    
0.99     86       14       7        93       0.895    0.860    0.070    0.930    0.140    
1.00     89       11       8        92       0.905    0.890    0.080    0.920    0.110    
1.01     89       11       8        92       0.905    0.890    0.080    0.920    0.110    
1.02     90       10       10       90       0.900    0.900    0.100    0.900    0.100    
1.03     91       9        10       90       0.905    0.910    0.100    0.900    0.090    
1.04     91       9        11       89       0.900    0.910    0.110    0.890    0.090    
1.05     91       9        11       89       0.900    0.910    0.110    0.890    0.090    
1.06     93       7        12       88       0.905    0.930    0.120    0.880    0.070    
1.07     93       7        14       86       0.895    0.930    0.140    0.860    0.070    
1.08     95       5        15       85       0.900    0.950    0.150    0.850    0.050    
1.09     97       3        17       83       0.900    0.970    0.170    0.830    0.030    
1.10     97       3        17       83       0.900    0.970    0.170    0.830    0.030    
1.11     98       2        17       83       0.905    0.980    0.170    0.830    0.020    
1.12     98       2        17       83       0.905    0.980    0.170    0.830    0.020    
1.13     99       1        18       82       0.905    0.990    0.180    0.820    0.010    
1.14     99       1        19       81       0.900    0.990    0.190    0.810    0.010    
1.15     99       1        19       81       0.900    0.990    0.190    0.810    0.010    
1.16     99       1        20       80       0.895    0.990    0.200    0.800    0.010    
1.17     100      0        24       76       0.880    1.000    0.240    0.760    0.000    
1.18     100      0        27       73       0.865    1.000    0.270    0.730    0.000    
1.19     100      0        29       71       0.855    1.000    0.290    0.710    0.000    
1.20     100      0        30       70       0.850    1.000    0.300    0.700    0.000    
1.21     100      0        31       69       0.845    1.000    0.310    0.690    0.000    
1.22     100      0        32       68       0.840    1.000    0.320    0.680    0.000    
1.23     100      0        36       64       0.820    1.000    0.360    0.640    0.000    
1.24     100      0        38       62       0.810    1.000    0.380    0.620    0.000    
1.25     100      0        41       59       0.795    1.000    0.410    0.590    0.000    
1.26     100      0        41       59       0.795    1.000    0.410    0.590    0.000    
1.27     100      0        42       58       0.790    1.000    0.420    0.580    0.000    
1.28     100      0        43       57       0.785    1.000    0.430    0.570    0.000    
1.29     100      0        44       56       0.780    1.000    0.440    0.560    0.000    
1.30     100      0        46       54       0.770    1.000    0.460    0.540    0.000    
1.31     100      0        47       53       0.765    1.000    0.470    0.530    0.000    
1.32     100      0        49       51       0.755    1.000    0.490    0.510    0.000    
1.33     100      0        51       49       0.745    1.000    0.510    0.490    0.000    
1.34     100      0        56       44       0.720    1.000    0.560    0.440    0.000    
1.35     100      0        60       40       0.700    1.000    0.600    0.400    0.000    
1.36     100      0        63       37       0.685    1.000    0.630    0.370    0.000    
1.37     100      0        66       34       0.670    1.000    0.660    0.340    0.000    
1.38     100      0        68       32       0.660    1.000    0.680    0.320    0.000    
1.39     100      0        69       31       0.655    1.000    0.690    0.310    0.000    
1.40     100      0        73       27       0.635    1.000    0.730    0.270    0.000    
1.41     100      0        75       25       0.625    1.000    0.750    0.250    0.000    
1.42     100      0        75       25       0.625    1.000    0.750    0.250    0.000    
1.43     100      0        75       25       0.625    1.000    0.750    0.250    0.000    
1.44     100      0        77       23       0.615    1.000    0.770    0.230    0.000    
1.45     100      0        77       23       0.615    1.000    0.770    0.230    0.000    
1.46     100      0        77       23       0.615    1.000    0.770    0.230    0.000    
1.47     100      0        77       23       0.615    1.000    0.770    0.230    0.000    
1.48     100      0        78       22       0.610    1.000    0.780    0.220    0.000    
1.49     100      0        79       21       0.605    1.000    0.790    0.210    0.000    
1.50     100      0        80       20       0.600    1.000    0.800    0.200    0.000    
1.51     100      0        80       20       0.600    1.000    0.800    0.200    0.000    
1.52     100      0        81       19       0.595    1.000    0.810    0.190    0.000    
1.53     100      0        81       19       0.595    1.000    0.810    0.190    0.000    
1.54     100      0        81       19       0.595    1.000    0.810    0.190    0.000    
1.55     100      0        82       18       0.590    1.000    0.820    0.180    0.000    
1.56     100      0        82       18       0.590    1.000    0.820    0.180    0.000    
1.57     100      0        82       18       0.590    1.000    0.820    0.180    0.000    
1.58     100      0        82       18       0.590    1.000    0.820    0.180    0.000    
1.59     100      0        86       14       0.570    1.000    0.860    0.140    0.000    
1.60     100      0        86       14       0.570    1.000    0.860    0.140    0.000    
1.61     100      0        87       13       0.565    1.000    0.870    0.130    0.000    
1.62     100      0        87       13       0.565    1.000    0.870    0.130    0.000    
1.63     100      0        87       13       0.565    1.000    0.870    0.130    0.000    
1.64     100      0        89       11       0.555    1.000    0.890    0.110    0.000    
1.65     100      0        90       10       0.550    1.000    0.900    0.100    0.000    
1.66     100      0        90       10       0.550    1.000    0.900    0.100    0.000    
1.67     100      0        90       10       0.550    1.000    0.900    0.100    0.000    
1.68     100      0        92       8        0.540    1.000    0.920    0.080    0.000    
1.69     100      0        94       6        0.530    1.000    0.940    0.060    0.000    
1.70     100      0        94       6        0.530    1.000    0.940    0.060    0.000    
1.71     100      0        94       6        0.530    1.000    0.940    0.060    0.000    
1.72     100      0        96       4        0.520    1.000    0.960    0.040    0.000    
1.73     100      0        96       4        0.520    1.000    0.960    0.040    0.000    
1.74     100      0        97       3        0.515    1.000    0.970    0.030    0.000    
1.75     100      0        97       3        0.515    1.000    0.970    0.030    0.000    
1.76     100      0        98       2        0.510    1.000    0.980    0.020    0.000    
1.77     100      0        98       2        0.510    1.000    0.980    0.020    0.000    
1.78     100      0        98       2        0.510    1.000    0.980    0.020    0.000    
1.79     100      0        98       2        0.510    1.000    0.980    0.020    0.000    
1.80     100      0        100      0        0.500    1.000    1.000    0.000    0.000    
1.81     100      0        100      0        0.500    1.000    1.000    0.000    0.000    
1.82     100      0        100      0        0.500    1.000    1.000    0.000    0.000    
1.83     100      0        100      0        0.500    1.000    1.000    0.000    0.000    
1.84     100      0        100      0        0.500    1.000    1.000    0.000    0.000    
1.85     100      0        100      0        0.500    1.000    1.000    0.000    0.000    
1.86     100      0        100      0        0.500    1.000    1.000    0.000    0.000    
1.87     100      0        100      0        0.500    1.000    1.000    0.000    0.000    
1.88     100      0        100      0        0.500    1.000    1.000    0.000    0.000    
1.89     100      0        100      0        0.500    1.000    1.000    0.000    0.000    
1.90     100      0        100      0        0.500    1.000    1.000    0.000    0.000    
1.91     100      0        100      0        0.500    1.000    1.000    0.000    0.000    
1.92     100      0        100      0        0.500    1.000    1.000    0.000    0.000    
1.93     100      0        100      0        0.500    1.000    1.000    0.000    0.000    
1.94     100      0        100      0        0.500    1.000    1.000    0.000    0.000    
1.95     100      0        100      0        0.500    1.000    1.000    0.000    0.000    
1.96     100      0        100      0        0.500    1.000    1.000    0.000    0.000    
1.97     100      0        100      0        0.500    1.000    1.000    0.000    0.000    
1.98     100      0        100      0        0.500    1.000    1.000    0.000    0.000    
1.99     100      0        100      0        0.500    1.000    1.000    0.000    0.000    
2.00     100      0        100      0        0.500    1.000    1.000    0.000    0.000    
2.01     100      0        100      0        0.500    1.000    1.000    0.000    0.000    
2.02     100      0        100      0        0.500    1.000    1.000    0.000    0.000    
2.03     100      0        100      0        0.500    1.000    1.000    0.000    0.000    
2.04     100      0        100      0        0.500    1.000    1.000    0.000    0.000    
2.05     100      0        100      0        0.500    1.000    1.000    0.000    0.000    
2.06     100      0        100      0        0.500    1.000    1.000    0.000    0.000    
2.07     100      0        100      0        0.500    1.000    1.000    0.000    0.000    
2.08     100      0        100      0        0.500    1.000    1.000    0.000    0.000    
2.09     100      0        100      0        0.500    1.000    1.000    0.000    0.000    
2.10     100      0        100      0        0.500    1.000    1.000    0.000    0.000    
2.11     100      0        100      0        0.500    1.000    1.000    0.000    0.000    
2.12     100      0        100      0        0.500    1.000    1.000    0.000    0.000    
2.13     100      0        100      0        0.500    1.000    1.000    0.000    0.000    
2.14     100      0        100      0        0.500    1.000    1.000    0.000    0.000    
2.15     100      0        100      0        0.500    1.000    1.000    0.000    0.000    
2.16     100      0        100      0        0.500    1.000    1.000    0.000    0.000    
2.17     100      0        100      0        0.500    1.000    1.000    0.000    0.000    
2.18     100      0        100      0        0.500    1.000    1.000    0.000    0.000    
2.19     100      0        100      0        0.500    1.000    1.000    0.000    0.000    
2.20     100      0        100      0        0.500    1.000    1.000    0.000    0.000    
2.21     100      0        100      0        0.500    1.000    1.000    0.000    0.000    
2.22     100      0        100      0        0.500    1.000    1.000    0.000    0.000    
2.23     100      0        100      0        0.500    1.000    1.000    0.000    0.000    
2.24     100      0        100      0        0.500    1.000    1.000    0.000    0.000    
2.25     100      0        100      0        0.500    1.000    1.000    0.000    0.000    
2.26     100      0        100      0        0.500    1.000    1.000    0.000    0.000    
2.27     100      0        100      0        0.500    1.000    1.000    0.000    0.000    
2.28     100      0        100      0        0.500    1.000    1.000    0.000    0.000    
2.29     100      0        100      0        0.500    1.000    1.000    0.000    0.000    
2.30     100      0        100      0        0.500    1.000    1.000    0.000    0.000    
2.31     100      0        100      0        0.500    1.000    1.000    0.000    0.000    
2.32     100      0        100      0        0.500    1.000    1.000    0.000    0.000    
2.33     100      0        100      0        0.500    1.000    1.000    0.000    0.000    
2.34     100      0        100      0        0.500    1.000    1.000    0.000    0.000    
2.35     100      0        100      0        0.500    1.000    1.000    0.000    0.000    
2.36     100      0        100      0        0.500    1.000    1.000    0.000    0.000    
2.37     100      0        100      0        0.500    1.000    1.000    0.000    0.000    
2.38     100      0        100      0        0.500    1.000    1.000    0.000    0.000    
2.39     100      0        100      0        0.500    1.000    1.000    0.000    0.000    
2.40     100      0        100      0        0.500    1.000    1.000    0.000    0.000    
2.41     100      0        100      0        0.500    1.000    1.000    0.000    0.000    
2.42     100      0        100      0        0.500    1.000    1.000    0.000    0.000    
2.43     100      0        100      0        0.500    1.000    1.000    0.000    0.000    
2.44     100      0        100      0        0.500    1.000    1.000    0.000    0.000    
2.45     100      0        100      0        0.500    1.000    1.000    0.000    0.000    
2.46     100      0        100      0        0.500    1.000    1.000    0.000    0.000    
2.47     100      0        100      0        0.500    1.000    1.000    0.000    0.000    
2.48     100      0        100      0        0.500    1.000    1.000    0.000    0.000    
2.49     100      0        100      0        0.500    1.000    1.000    0.000    0.000    
2.50     100      0        100      0        0.500    1.000    1.000    0.000    0.000    
2.51     100      0        100      0        0.500    1.000    1.000    0.000    0.000    
2.52     100      0        100      0        0.500    1.000    1.000    0.000    0.000    
2.53     100      0        100      0        0.500    1.000    1.000    0.000    0.000    
2.54     100      0        100      0        0.500    1.000    1.000    0.000    0.000    
2.55     100      0        100      0        0.500    1.000    1.000    0.000    0.000    
2.56     100      0        100      0        0.500    1.000    1.000    0.000    0.000    
2.57     100      0        100      0        0.500    1.000    1.000    0.000    0.000    
2.58     100      0        100      0        0.500    1.000    1.000    0.000    0.000    
2.59     100      0        100      0        0.500    1.000    1.000    0.000    0.000    
2.60     100      0        100      0        0.500    1.000    1.000    0.000    0.000    
2.61     100      0        100      0        0.500    1.000    1.000    0.000    0.000    
2.62     100      0        100      0        0.500    1.000    1.000    0.000    0.000    
2.63     100      0        100      0        0.500    1.000    1.000    0.000    0.000    
2.64     100      0        100      0        0.500    1.000    1.000    0.000    0.000    
2.65     100      0        100      0        0.500    1.000    1.000    0.000    0.000    
2.66     100      0        100      0        0.500    1.000    1.000    0.000    0.000    
2.67     100      0        100      0        0.500    1.000    1.000    0.000    0.000    
2.68     100      0        100      0        0.500    1.000    1.000    0.000    0.000    
2.69     100      0        100      0        0.500    1.000    1.000    0.000    0.000    
2.70     100      0        100      0        0.500    1.000    1.000    0.000    0.000    
2.71     100      0        100      0        0.500    1.000    1.000    0.000    0.000    
2.72     100      0        100      0        0.500    1.000    1.000    0.000    0.000    
2.73     100      0        100      0        0.500    1.000    1.000    0.000    0.000    
2.74     100      0        100      0        0.500    1.000    1.000    0.000    0.000    
2.75     100      0        100      0        0.500    1.000    1.000    0.000    0.000    
2.76     100      0        100      0        0.500    1.000    1.000    0.000    0.000    
2.77     100      0        100      0        0.500    1.000    1.000    0.000    0.000    
2.78     100      0        100      0        0.500    1.000    1.000    0.000    0.000    
2.79     100      0        100      0        0.500    1.000    1.000    0.000    0.000    
2.80     100      0        100      0        0.500    1.000    1.000    0.000    0.000    
2.81     100      0        100      0        0.500    1.000    1.000    0.000    0.000    
2.82     100      0        100      0        0.500    1.000    1.000    0.000    0.000    
2.83     100      0        100      0        0.500    1.000    1.000    0.000    0.000    
2.84     100      0        100      0        0.500    1.000    1.000    0.000    0.000    
2.85     100      0        100      0        0.500    1.000    1.000    0.000    0.000    
2.86     100      0        100      0        0.500    1.000    1.000    0.000    0.000    
2.87     100      0        100      0        0.500    1.000    1.000    0.000    0.000    
2.88     100      0        100      0        0.500    1.000    1.000    0.000    0.000    
2.89     100      0        100      0        0.500    1.000    1.000    0.000    0.000    
2.90     100      0        100      0        0.500    1.000    1.000    0.000    0.000    
2.91     100      0        100      0        0.500    1.000    1.000    0.000    0.000    
2.92     100      0        100      0        0.500    1.000    1.000    0.000    0.000    
2.93     100      0        100      0        0.500    1.000    1.000    0.000    0.000    
2.94     100      0        100      0        0.500    1.000    1.000    0.000    0.000    
2.95     100      0        100      0        0.500    1.000    1.000    0.000    0.000    
2.96     100      0        100      0        0.500    1.000    1.000    0.000    0.000    
2.97     100      0        100      0        0.500    1.000    1.000    0.000    0.000    
2.98     100      0        100      0        0.500    1.000    1.000    0.000    0.000    
2.99     100      0        100      0        0.500    1.000    1.000    0.000    0.000    
3.00     100      0        100      0        0.500    1.000    1.000    0.000    0.000    
3.01     100      0        100      0        0.500    1.000    1.000    0.000    0.000    
3.02     100      0        100      0        0.500    1.000    1.000    0.000    0.000    
3.03     100      0        100      0        0.500    1.000    1.000    0.000    0.000    
3.04     100      0        100      0        0.500    1.000    1.000    0.000    0.000    
3.05     100      0        100      0        0.500    1.000    1.000    0.000    0.000    
3.06     100      0        100      0        0.500    1.000    1.000    0.000    0.000    
3.07     100      0        100      0        0.500    1.000    1.000    0.000    0.000    
3.08     100      0        100      0        0.500    1.000    1.000    0.000    0.000    
3.09     100      0        100      0        0.500    1.000    1.000    0.000    0.000    
3.10     100      0        100      0        0.500    1.000    1.000    0.000    0.000    
3.11     100      0        100      0        0.500    1.000    1.000    0.000    0.000    
3.12     100      0        100      0        0.500    1.000    1.000    0.000    0.000    
3.13     100      0        100      0        0.500    1.000    1.000    0.000    0.000    
3.14     100      0        100      0        0.500    1.000    1.000    0.000    0.000    
3.15     100      0        100      0        0.500    1.000    1.000    0.000    0.000    
3.16     100      0        100      0        0.500    1.000    1.000    0.000    0.000    
3.17     100      0        100      0        0.500    1.000    1.000    0.000    0.000    
3.18     100      0        100      0        0.500    1.000    1.000    0.000    0.000    
3.19     100      0        100      0        0.500    1.000    1.000    0.000    0.000    
3.20     100      0        100      0        0.500    1.000    1.000    0.000    0.000    
3.21     100      0        100      0        0.500    1.000    1.000    0.000    0.000    
3.22     100      0        100      0        0.500    1.000    1.000    0.000    0.000    
3.23     100      0        100      0        0.500    1.000    1.000    0.000    0.000    
3.24     100      0        100      0        0.500    1.000    1.000    0.000    0.000    
3.25     100      0        100      0        0.500    1.000    1.000    0.000    0.000    
3.26     100      0        100      0        0.500    1.000    1.000    0.000    0.000    
3.27     100      0        100      0        0.500    1.000    1.000    0.000    0.000    
3.28     100      0        100      0        0.500    1.000    1.000    0.000    0.000    
3.29     100      0        100      0        0.500    1.000    1.000    0.000    0.000    
3.30     100      0        100      0        0.500    1.000    1.000    0.000    0.000    
3.31     100      0        100      0        0.500    1.000    1.000    0.000    0.000    
3.32     100      0        100      0        0.500    1.000    1.000    0.000    0.000    
3.33     100      0        100      0        0.500    1.000    1.000    0.000    0.000    
3.34     100      0        100      0        0.500    1.000    1.000    0.000    0.000    
3.35     100      0        100      0        0.500    1.000    1.000    0.000    0.000    
3.36     100      0        100      0        0.500    1.000    1.000    0.000    0.000    
3.37     100      0        100      0        0.500    1.000    1.000    0.000    0.000    
3.38     100      0        100      0        0.500    1.000    1.000    0.000    0.000    
3.39     100      0        100      0        0.500    1.000    1.000    0.000    0.000    
3.40     100      0        100      0        0.500    1.000    1.000    0.000    0.000    
3.41     100      0        100      0        0.500    1.000    1.000    0.000    0.000    
3.42     100      0        100      0        0.500    1.000    1.000    0.000    0.000    
3.43     100      0        100      0        0.500    1.000    1.000    0.000    0.000    
3.44     100      0        100      0        0.500    1.000    1.000    0.000    0.000    
3.45     100      0        100      0        0.500    1.000    1.000    0.000    0.000    
3.46     100      0        100      0        0.500    1.000    1.000    0.000    0.000    
3.47     100      0        100      0        0.500    1.000    1.000    0.000    0.000    
3.48     100      0        100      0        0.500    1.000    1.000    0.000    0.000    
3.49     100      0        100      0        0.500    1.000    1.000    0.000    0.000    
3.50     100      0        100      0        0.500    1.000    1.000    0.000    0.000    
3.51     100      0        100      0        0.500    1.000    1.000    0.000    0.000    
3.52     100      0        100      0        0.500    1.000    1.000    0.000    0.000    
3.53     100      0        100      0        0.500    1.000    1.000    0.000    0.000    
3.54     100      0        100      0        0.500    1.000    1.000    0.000    0.000    
3.55     100      0        100      0        0.500    1.000    1.000    0.000    0.000    
3.56     100      0        100      0        0.500    1.000    1.000    0.000    0.000    
3.57     100      0        100      0        0.500    1.000    1.000    0.000    0.000    
3.58     100      0        100      0        0.500    1.000    1.000    0.000    0.000    
3.59     100      0        100      0        0.500    1.000    1.000    0.000    0.000    
3.60     100      0        100      0        0.500    1.000    1.000    0.000    0.000    
3.61     100      0        100      0        0.500    1.000    1.000    0.000    0.000    
3.62     100      0        100      0        0.500    1.000    1.000    0.000    0.000    
3.63     100      0        100      0        0.500    1.000    1.000    0.000    0.000    
3.64     100      0        100      0        0.500    1.000    1.000    0.000    0.000    
3.65     100      0        100      0        0.500    1.000    1.000    0.000    0.000    
3.66     100      0        100      0        0.500    1.000    1.000    0.000    0.000    
3.67     100      0        100      0        0.500    1.000    1.000    0.000    0.000    
3.68     100      0        100      0        0.500    1.000    1.000    0.000    0.000    
3.69     100      0        100      0        0.500    1.000    1.000    0.000    0.000    
3.70     100      0        100      0        0.500    1.000    1.000    0.000    0.000    
3.71     100      0        100      0        0.500    1.000    1.000    0.000    0.000    
3.72     100      0        100      0        0.500    1.000    1.000    0.000    0.000    
3.73     100      0        100      0        0.500    1.000    1.000    0.000    0.000    
3.74     100      0        100      0        0.500    1.000    1.000    0.000    0.000    
3.75     100      0        100      0        0.500    1.000    1.000    0.000    0.000    
3.76     100      0        100      0        0.500    1.000    1.000    0.000    0.000    
3.77     100      0        100      0        0.500    1.000    1.000    0.000    0.000    
3.78     100      0        100      0        0.500    1.000    1.000    0.000    0.000    
3.79     100      0        100      0        0.500    1.000    1.000    0.000    0.000    
3.80     100      0        100      0        0.500    1.000    1.000    0.000    0.000    
3.81     100      0        100      0        0.500    1.000    1.000    0.000    0.000    
3.82     100      0        100      0        0.500    1.000    1.000    0.000    0.000    
3.83     100      0        100      0        0.500    1.000    1.000    0.000    0.000    
3.84     100      0        100      0        0.500    1.000    1.000    0.000    0.000    
3.85     100      0        100      0        0.500    1.000    1.000    0.000    0.000    
3.86     100      0        100      0        0.500    1.000    1.000    0.000    0.000    
3.87     100      0        100      0        0.500    1.000    1.000    0.000    0.000    
3.88     100      0        100      0        0.500    1.000    1.000    0.000    0.000    
3.89     100      0        100      0        0.500    1.000    1.000    0.000    0.000    
3.90     100      0        100      0        0.500    1.000    1.000    0.000    0.000    
3.91     100      0        100      0        0.500    1.000    1.000    0.000    0.000    
3.92     100      0        100      0        0.500    1.000    1.000    0.000    0.000    
3.93     100      0        100      0        0.500    1.000    1.000    0.000    0.000    
3.94     100      0        100      0        0.500    1.000    1.000    0.000    0.000    
3.95     100      0        100      0        0.500    1.000    1.000    0.000    0.000    
3.96     100      0        100      0        0.500    1.000    1.000    0.000    0.000    
3.97     100      0        100      0        0.500    1.000    1.000    0.000    0.000    
3.98     100      0        100      0        0.500    1.000    1.000    0.000    0.000    
3.99     100      0        100      0        0.500    1.000    1.000    0.000    0.000    
4.00     100      0        100      0        0.500    1.000    1.000    0.000    0.000    
4.01     100      0        100      0        0.500    1.000    1.000    0.000    0.000    
4.02     100      0        100      0        0.500    1.000    1.000    0.000    0.000    
4.03     100      0        100      0        0.500    1.000    1.000    0.000    0.000    
4.04     100      0        100      0        0.500    1.000    1.000    0.000    0.000    
4.05     100      0        100      0        0.500    1.000    1.000    0.000    0.000    
4.06     100      0        100      0        0.500    1.000    1.000    0.000    0.000    
4.07     100      0        100      0        0.500    1.000    1.000    0.000    0.000    
4.08     100      0        100      0        0.500    1.000    1.000    0.000    0.000    
4.09     100      0        100      0        0.500    1.000    1.000    0.000    0.000    
4.10     100      0        100      0        0.500    1.000    1.000    0.000    0.000    
4.11     100      0        100      0        0.500    1.000    1.000    0.000    0.000    
4.12     100      0        100      0        0.500    1.000    1.000    0.000    0.000    
4.13     100      0        100      0        0.500    1.000    1.000    0.000    0.000    
4.14     100      0        100      0        0.500    1.000    1.000    0.000    0.000    
4.15     100      0        100      0        0.500    1.000    1.000    0.000    0.000    
4.16     100      0        100      0        0.500    1.000    1.000    0.000    0.000    
4.17     100      0        100      0        0.500    1.000    1.000    0.000    0.000    
4.18     100      0        100      0        0.500    1.000    1.000    0.000    0.000    
4.19     100      0        100      0        0.500    1.000    1.000    0.000    0.000    
4.20     100      0        100      0        0.500    1.000    1.000    0.000    0.000    
4.21     100      0        100      0        0.500    1.000    1.000    0.000    0.000    
4.22     100      0        100      0        0.500    1.000    1.000    0.000    0.000    
4.23     100      0        100      0        0.500    1.000    1.000    0.000    0.000    
4.24     100      0        100      0        0.500    1.000    1.000    0.000    0.000    
4.25     100      0        100      0        0.500    1.000    1.000    0.000    0.000    
4.26     100      0        100      0        0.500    1.000    1.000    0.000    0.000    
4.27     100      0        100      0        0.500    1.000    1.000    0.000    0.000    
4.28     100      0        100      0        0.500    1.000    1.000    0.000    0.000    
4.29     100      0        100      0        0.500    1.000    1.000    0.000    0.000    
4.30     100      0        100      0        0.500    1.000    1.000    0.000    0.000    
4.31     100      0        100      0        0.500    1.000    1.000    0.000    0.000    
4.32     100      0        100      0        0.500    1.000    1.000    0.000    0.000    
4.33     100      0        100      0        0.500    1.000    1.000    0.000    0.000    
4.34     100      0        100      0        0.500    1.000    1.000    0.000    0.000    
4.35     100      0        100      0        0.500    1.000    1.000    0.000    0.000    
4.36     100      0        100      0        0.500    1.000    1.000    0.000    0.000    
4.37     100      0        100      0        0.500    1.000    1.000    0.000    0.000    
4.38     100      0        100      0        0.500    1.000    1.000    0.000    0.000    
4.39     100      0        100      0        0.500    1.000    1.000    0.000    0.000    
4.40     100      0        100      0        0.500    1.000    1.000    0.000    0.000    
4.41     100      0        100      0        0.500    1.000    1.000    0.000    0.000    
4.42     100      0        100      0        0.500    1.000    1.000    0.000    0.000    
4.43     100      0        100      0        0.500    1.000    1.000    0.000    0.000    
4.44     100      0        100      0        0.500    1.000    1.000    0.000    0.000    
4.45     100      0        100      0        0.500    1.000    1.000    0.000    0.000    
4.46     100      0        100      0        0.500    1.000    1.000    0.000    0.000    
4.47     100      0        100      0        0.500    1.000    1.000    0.000    0.000    
4.48     100      0        100      0        0.500    1.000    1.000    0.000    0.000    
4.49     100      0        100      0        0.500    1.000    1.000    0.000    0.000    
4.50     100      0        100      0        0.500    1.000    1.000    0.000    0.000    
4.51     100      0        100      0        0.500    1.000    1.000    0.000    0.000    
4.52     100      0        100      0        0.500    1.000    1.000    0.000    0.000    
4.53     100      0        100      0        0.500    1.000    1.000    0.000    0.000    
4.54     100      0        100      0        0.500    1.000    1.000    0.000    0.000    
4.55     100      0        100      0        0.500    1.000    1.000    0.000    0.000    
4.56     100      0        100      0        0.500    1.000    1.000    0.000    0.000    
4.57     100      0        100      0        0.500    1.000    1.000    0.000    0.000    
4.58     100      0        100      0        0.500    1.000    1.000    0.000    0.000    
4.59     100      0        100      0        0.500    1.000    1.000    0.000    0.000    
4.60     100      0        100      0        0.500    1.000    1.000    0.000    0.000    
4.61     100      0        100      0        0.500    1.000    1.000    0.000    0.000    
4.62     100      0        100      0        0.500    1.000    1.000    0.000    0.000    
4.63     100      0        100      0        0.500    1.000    1.000    0.000    0.000    
4.64     100      0        100      0        0.500    1.000    1.000    0.000    0.000    
4.65     100      0        100      0        0.500    1.000    1.000    0.000    0.000    
4.66     100      0        100      0        0.500    1.000    1.000    0.000    0.000    
4.67     100      0        100      0        0.500    1.000    1.000    0.000    0.000    
4.68     100      0        100      0        0.500    1.000    1.000    0.000    0.000    
4.69     100      0        100      0        0.500    1.000    1.000    0.000    0.000    
4.70     100      0        100      0        0.500    1.000    1.000    0.000    0.000    
4.71     100      0        100      0        0.500    1.000    1.000    0.000    0.000    
4.72     100      0        100      0        0.500    1.000    1.000    0.000    0.000    
4.73     100      0        100      0        0.500    1.000    1.000    0.000    0.000    
4.74     100      0        100      0        0.500    1.000    1.000    0.000    0.000    
4.75     100      0        100      0        0.500    1.000    1.000    0.000    0.000    
4.76     100      0        100      0        0.500    1.000    1.000    0.000    0.000    
4.77     100      0        100      0        0.500    1.000    1.000    0.000    0.000    
4.78     100      0        100      0        0.500    1.000    1.000    0.000    0.000    
4.79     100      0        100      0        0.500    1.000    1.000    0.000    0.000    
4.80     100      0        100      0        0.500    1.000    1.000    0.000    0.000    
4.81     100      0        100      0        0.500    1.000    1.000    0.000    0.000    
4.82     100      0        100      0        0.500    1.000    1.000    0.000    0.000    
4.83     100      0        100      0        0.500    1.000    1.000    0.000    0.000    
4.84     100      0        100      0        0.500    1.000    1.000    0.000    0.000    
4.85     100      0        100      0        0.500    1.000    1.000    0.000    0.000    
4.86     100      0        100      0        0.500    1.000    1.000    0.000    0.000    
4.87     100      0        100      0        0.500    1.000    1.000    0.000    0.000    
4.88     100      0        100      0        0.500    1.000    1.000    0.000    0.000    
4.89     100      0        100      0        0.500    1.000    1.000    0.000    0.000    
4.90     100      0        100      0        0.500    1.000    1.000    0.000    0.000    
4.91     100      0        100      0        0.500    1.000    1.000    0.000    0.000    
4.92     100      0        100      0        0.500    1.000    1.000    0.000    0.000    
4.93     100      0        100      0        0.500    1.000    1.000    0.000    0.000    
4.94     100      0        100      0        0.500    1.000    1.000    0.000    0.000    
4.95     100      0        100      0        0.500    1.000    1.000    0.000    0.000    
4.96     100      0        100      0        0.500    1.000    1.000    0.000    0.000    
4.97     100      0        100      0        0.500    1.000    1.000    0.000    0.000    
4.98     100      0        100      0        0.500    1.000    1.000    0.000    0.000    
4.99     100      0        100      0        0.500    1.000    1.000    0.000    0.000    
5.00     100      0        100      0        0.500    1.000    1.000    0.000    0.000    
5.01     100      0        100      0        0.500    1.000    1.000    0.000    0.000    
5.02     100      0        100      0        0.500    1.000    1.000    0.000    0.000    
5.03     100      0        100      0        0.500    1.000    1.000    0.000    0.000    
5.04     100      0        100      0        0.500    1.000    1.000    0.000    0.000    
5.05     100      0        100      0        0.500    1.000    1.000    0.000    0.000    
5.06     100      0        100      0        0.500    1.000    1.000    0.000    0.000    
5.07     100      0        100      0        0.500    1.000    1.000    0.000    0.000    
5.08     100      0        100      0        0.500    1.000    1.000    0.000    0.000    
5.09     100      0        100      0        0.500    1.000    1.000    0.000    0.000    
5.10     100      0        100      0        0.500    1.000    1.000    0.000    0.000    
5.11     100      0        100      0        0.500    1.000    1.000    0.000    0.000    
5.12     100      0        100      0        0.500    1.000    1.000    0.000    0.000    
5.13     100      0        100      0        0.500    1.000    1.000    0.000    0.000    
5.14     100      0        100      0        0.500    1.000    1.000    0.000    0.000    
5.15     100      0        100      0        0.500    1.000    1.000    0.000    0.000    
5.16     100      0        100      0        0.500    1.000    1.000    0.000    0.000    
5.17     100      0        100      0        0.500    1.000    1.000    0.000    0.000    
5.18     100      0        100      0        0.500    1.000    1.000    0.000    0.000    
5.19     100      0        100      0        0.500    1.000    1.000    0.000    0.000    
5.20     100      0        100      0        0.500    1.000    1.000    0.000    0.000    
5.21     100      0        100      0        0.500    1.000    1.000    0.000    0.000    
5.22     100      0        100      0        0.500    1.000    1.000    0.000    0.000    
5.23     100      0        100      0        0.500    1.000    1.000    0.000    0.000    
5.24     100      0        100      0        0.500    1.000    1.000    0.000    0.000    
5.25     100      0        100      0        0.500    1.000    1.000    0.000    0.000    
5.26     100      0        100      0        0.500    1.000    1.000    0.000    0.000    
5.27     100      0        100      0        0.500    1.000    1.000    0.000    0.000    
5.28     100      0        100      0        0.500    1.000    1.000    0.000    0.000    
5.29     100      0        100      0        0.500    1.000    1.000    0.000    0.000    
5.30     100      0        100      0        0.500    1.000    1.000    0.000    0.000    
5.31     100      0        100      0        0.500    1.000    1.000    0.000    0.000    
5.32     100      0        100      0        0.500    1.000    1.000    0.000    0.000    
5.33     100      0        100      0        0.500    1.000    1.000    0.000    0.000    
5.34     100      0        100      0        0.500    1.000    1.000    0.000    0.000    
5.35     100      0        100      0        0.500    1.000    1.000    0.000    0.000    
5.36     100      0        100      0        0.500    1.000    1.000    0.000    0.000    
5.37     100      0        100      0        0.500    1.000    1.000    0.000    0.000    
5.38     100      0        100      0        0.500    1.000    1.000    0.000    0.000    
5.39     100      0        100      0        0.500    1.000    1.000    0.000    0.000    
5.40     100      0        100      0        0.500    1.000    1.000    0.000    0.000    
5.41     100      0        100      0        0.500    1.000    1.000    0.000    0.000    
5.42     100      0        100      0        0.500    1.000    1.000    0.000    0.000    
5.43     100      0        100      0        0.500    1.000    1.000    0.000    0.000    
5.44     100      0        100      0        0.500    1.000    1.000    0.000    0.000    
5.45     100      0        100      0        0.500    1.000    1.000    0.000    0.000    
5.46     100      0        100      0        0.500    1.000    1.000    0.000    0.000    
5.47     100      0        100      0        0.500    1.000    1.000    0.000    0.000    
5.48     100      0        100      0        0.500    1.000    1.000    0.000    0.000    
5.49     100      0        100      0        0.500    1.000    1.000    0.000    0.000    
5.50     100      0        100      0        0.500    1.000    1.000    0.000    0.000    
5.51     100      0        100      0        0.500    1.000    1.000    0.000    0.000    
5.52     100      0        100      0        0.500    1.000    1.000    0.000    0.000    
5.53     100      0        100      0        0.500    1.000    1.000    0.000    0.000    
5.54     100      0        100      0        0.500    1.000    1.000    0.000    0.000    
5.55     100      0        100      0        0.500    1.000    1.000    0.000    0.000    
5.56     100      0        100      0        0.500    1.000    1.000    0.000    0.000    
5.57     100      0        100      0        0.500    1.000    1.000    0.000    0.000    
5.58     100      0        100      0        0.500    1.000    1.000    0.000    0.000    
5.59     100      0        100      0        0.500    1.000    1.000    0.000    0.000    
5.60     100      0        100      0        0.500    1.000    1.000    0.000    0.000    
5.61     100      0        100      0        0.500    1.000    1.000    0.000    0.000    
5.62     100      0        100      0        0.500    1.000    1.000    0.000    0.000    
5.63     100      0        100      0        0.500    1.000    1.000    0.000    0.000    
5.64     100      0        100      0        0.500    1.000    1.000    0.000    0.000    
5.65     100      0        100      0        0.500    1.000    1.000    0.000    0.000    
5.66     100      0        100      0        0.500    1.000    1.000    0.000    0.000    
5.67     100      0        100      0        0.500    1.000    1.000    0.000    0.000    
5.68     100      0        100      0        0.500    1.000    1.000    0.000    0.000    
5.69     100      0        100      0        0.500    1.000    1.000    0.000    0.000    
5.70     100      0        100      0        0.500    1.000    1.000    0.000    0.000    
5.71     100      0        100      0        0.500    1.000    1.000    0.000    0.000    
5.72     100      0        100      0        0.500    1.000    1.000    0.000    0.000    
5.73     100      0        100      0        0.500    1.000    1.000    0.000    0.000    
5.74     100      0        100      0        0.500    1.000    1.000    0.000    0.000    
5.75     100      0        100      0        0.500    1.000    1.000    0.000    0.000    
5.76     100      0        100      0        0.500    1.000    1.000    0.000    0.000    
5.77     100      0        100      0        0.500    1.000    1.000    0.000    0.000    
5.78     100      0        100      0        0.500    1.000    1.000    0.000    0.000    
5.79     100      0        100      0        0.500    1.000    1.000    0.000    0.000    
5.80     100      0        100      0        0.500    1.000    1.000    0.000    0.000    
5.81     100      0        100      0        0.500    1.000    1.000    0.000    0.000    
5.82     100      0        100      0        0.500    1.000    1.000    0.000    0.000    
5.83     100      0        100      0        0.500    1.000    1.000    0.000    0.000    
5.84     100      0        100      0        0.500    1.000    1.000    0.000    0.000    
5.85     100      0        100      0        0.500    1.000    1.000    0.000    0.000    
5.86     100      0        100      0        0.500    1.000    1.000    0.000    0.000    
5.87     100      0        100      0        0.500    1.000    1.000    0.000    0.000    
5.88     100      0        100      0        0.500    1.000    1.000    0.000    0.000    
5.89     100      0        100      0        0.500    1.000    1.000    0.000    0.000    
5.90     100      0        100      0        0.500    1.000    1.000    0.000    0.000    
5.91     100      0        100      0        0.500    1.000    1.000    0.000    0.000    
5.92     100      0        100      0        0.500    1.000    1.000    0.000    0.000    
5.93     100      0        100      0        0.500    1.000    1.000    0.000    0.000    
5.94     100      0        100      0        0.500    1.000    1.000    0.000    0.000    
5.95     100      0        100      0        0.500    1.000    1.000    0.000    0.000    
5.96     100      0        100      0        0.500    1.000    1.000    0.000    0.000    
5.97     100      0        100      0        0.500    1.000    1.000    0.000    0.000    
5.98     100      0        100      0        0.500    1.000    1.000    0.000    0.000    
5.99     100      0        100      0        0.500    1.000    1.000    0.000    0.000    
6.00     100      0        100      0        0.500    1.000    1.000    0.000    0.000    
6.01     100      0        100      0        0.500    1.000    1.000    0.000    0.000    
6.02     100      0        100      0        0.500    1.000    1.000    0.000    0.000    
6.03     100      0        100      0        0.500    1.000    1.000    0.000    0.000    
6.04     100      0        100      0        0.500    1.000    1.000    0.000    0.000    
6.05     100      0        100      0        0.500    1.000    1.000    0.000    0.000    
6.06     100      0        100      0        0.500    1.000    1.000    0.000    0.000    
6.07     100      0        100      0        0.500    1.000    1.000    0.000    0.000    
6.08     100      0        100      0        0.500    1.000    1.000    0.000    0.000    
6.09     100      0        100      0        0.500    1.000    1.000    0.000    0.000    
6.10     100      0        100      0        0.500    1.000    1.000    0.000    0.000    
6.11     100      0        100      0        0.500    1.000    1.000    0.000    0.000    
6.12     100      0        100      0        0.500    1.000    1.000    0.000    0.000    
6.13     100      0        100      0        0.500    1.000    1.000    0.000    0.000    
6.14     100      0        100      0        0.500    1.000    1.000    0.000    0.000    
6.15     100      0        100      0        0.500    1.000    1.000    0.000    0.000    
6.16     100      0        100      0        0.500    1.000    1.000    0.000    0.000    
6.17     100      0        100      0        0.500    1.000    1.000    0.000    0.000    
6.18     100      0        100      0        0.500    1.000    1.000    0.000    0.000    
6.19     100      0        100      0        0.500    1.000    1.000    0.000    0.000    
6.20     100      0        100      0        0.500    1.000    1.000    0.000    0.000    
6.21     100      0        100      0        0.500    1.000    1.000    0.000    0.000    
6.22     100      0        100      0        0.500    1.000    1.000    0.000    0.000    
6.23     100      0        100      0        0.500    1.000    1.000    0.000    0.000    
6.24     100      0        100      0        0.500    1.000    1.000    0.000    0.000    
6.25     100      0        100      0        0.500    1.000    1.000    0.000    0.000    
6.26     100      0        100      0        0.500    1.000    1.000    0.000    0.000    
6.27     100      0        100      0        0.500    1.000    1.000    0.000    0.000    
6.28     100      0        100      0        0.500    1.000    1.000    0.000    0.000    
6.29     100      0        100      0        0.500    1.000    1.000    0.000    0.000    
6.30     100      0        100      0        0.500    1.000    1.000    0.000    0.000    
6.31     100      0        100      0        0.500    1.000    1.000    0.000    0.000    
6.32     100      0        100      0        0.500    1.000    1.000    0.000    0.000    
6.33     100      0        100      0        0.500    1.000    1.000    0.000    0.000    
6.34     100      0        100      0        0.500    1.000    1.000    0.000    0.000    
6.35     100      0        100      0        0.500    1.000    1.000    0.000    0.000    
6.36     100      0        100      0        0.500    1.000    1.000    0.000    0.000    
6.37     100      0        100      0        0.500    1.000    1.000    0.000    0.000    
6.38     100      0        100      0        0.500    1.000    1.000    0.000    0.000    
6.39     100      0        100      0        0.500    1.000    1.000    0.000    0.000    
6.40     100      0        100      0        0.500    1.000    1.000    0.000    0.000    
6.41     100      0        100      0        0.500    1.000    1.000    0.000    0.000    
6.42     100      0        100      0        0.500    1.000    1.000    0.000    0.000    
6.43     100      0        100      0        0.500    1.000    1.000    0.000    0.000    
6.44     100      0        100      0        0.500    1.000    1.000    0.000    0.000    
6.45     100      0        100      0        0.500    1.000    1.000    0.000    0.000    
6.46     100      0        100      0        0.500    1.000    1.000    0.000    0.000    
6.47     100      0        100      0        0.500    1.000    1.000    0.000    0.000    
6.48     100      0        100      0        0.500    1.000    1.000    0.000    0.000    
6.49     100      0        100      0        0.500    1.000    1.000    0.000    0.000    
6.50     100      0        100      0        0.500    1.000    1.000    0.000    0.000    
6.51     100      0        100      0        0.500    1.000    1.000    0.000    0.000    
6.52     100      0        100      0        0.500    1.000    1.000    0.000    0.000    
6.53     100      0        100      0        0.500    1.000    1.000    0.000    0.000    
6.54     100      0        100      0        0.500    1.000    1.000    0.000    0.000    
6.55     100      0        100      0        0.500    1.000    1.000    0.000    0.000    
6.56     100      0        100      0        0.500    1.000    1.000    0.000    0.000    
6.57     100      0        100      0        0.500    1.000    1.000    0.000    0.000    
6.58     100      0        100      0        0.500    1.000    1.000    0.000    0.000    
6.59     100      0        100      0        0.500    1.000    1.000    0.000    0.000    
6.60     100      0        100      0        0.500    1.000    1.000    0.000    0.000    
6.61     100      0        100      0        0.500    1.000    1.000    0.000    0.000    
6.62     100      0        100      0        0.500    1.000    1.000    0.000    0.000    
6.63     100      0        100      0        0.500    1.000    1.000    0.000    0.000    
6.64     100      0        100      0        0.500    1.000    1.000    0.000    0.000    
6.65     100      0        100      0        0.500    1.000    1.000    0.000    0.000    
6.66     100      0        100      0        0.500    1.000    1.000    0.000    0.000    
6.67     100      0        100      0        0.500    1.000    1.000    0.000    0.000    
6.68     100      0        100      0        0.500    1.000    1.000    0.000    0.000    
6.69     100      0        100      0        0.500    1.000    1.000    0.000    0.000    
6.70     100      0        100      0        0.500    1.000    1.000    0.000    0.000    
6.71     100      0        100      0        0.500    1.000    1.000    0.000    0.000    
6.72     100      0        100      0        0.500    1.000    1.000    0.000    0.000    
6.73     100      0        100      0        0.500    1.000    1.000    0.000    0.000    
6.74     100      0        100      0        0.500    1.000    1.000    0.000    0.000    
6.75     100      0        100      0        0.500    1.000    1.000    0.000    0.000    
6.76     100      0        100      0        0.500    1.000    1.000    0.000    0.000    
6.77     100      0        100      0        0.500    1.000    1.000    0.000    0.000    
6.78     100      0        100      0        0.500    1.000    1.000    0.000    0.000    
6.79     100      0        100      0        0.500    1.000    1.000    0.000    0.000    
6.80     100      0        100      0        0.500    1.000    1.000    0.000    0.000    
6.81     100      0        100      0        0.500    1.000    1.000    0.000    0.000    
6.82     100      0        100      0        0.500    1.000    1.000    0.000    0.000    
6.83     100      0        100      0        0.500    1.000    1.000    0.000    0.000    
6.84     100      0        100      0        0.500    1.000    1.000    0.000    0.000    
6.85     100      0        100      0        0.500    1.000    1.000    0.000    0.000    
6.86     100      0        100      0        0.500    1.000    1.000    0.000    0.000    
6.87     100      0        100      0        0.500    1.000    1.000    0.000    0.000    
6.88     100      0        100      0        0.500    1.000    1.000    0.000    0.000    
6.89     100      0        100      0        0.500    1.000    1.000    0.000    0.000    
6.90     100      0        100      0        0.500    1.000    1.000    0.000    0.000    
6.91     100      0        100      0        0.500    1.000    1.000    0.000    0.000    
6.92     100      0        100      0        0.500    1.000    1.000    0.000    0.000    
6.93     100      0        100      0        0.500    1.000    1.000    0.000    0.000    
6.94     100      0        100      0        0.500    1.000    1.000    0.000    0.000    
6.95     100      0        100      0        0.500    1.000    1.000    0.000    0.000    
6.96     100      0        100      0        0.500    1.000    1.000    0.000    0.000    
6.97     100      0        100      0        0.500    1.000    1.000    0.000    0.000    
6.98     100      0        100      0        0.500    1.000    1.000    0.000    0.000    
6.99     100      0        100      0        0.500    1.000    1.000    0.000    0.000    
7.00     100      0        100      0        0.500    1.000    1.000    0.000    0.000    
7.01     100      0        100      0        0.500    1.000    1.000    0.000    0.000    
7.02     100      0        100      0        0.500    1.000    1.000    0.000    0.000    
7.03     100      0        100      0        0.500    1.000    1.000    0.000    0.000    
7.04     100      0        100      0        0.500    1.000    1.000    0.000    0.000    
7.05     100      0        100      0        0.500    1.000    1.000    0.000    0.000    
7.06     100      0        100      0        0.500    1.000    1.000    0.000    0.000    
7.07     100      0        100      0        0.500    1.000    1.000    0.000    0.000    
7.08     100      0        100      0        0.500    1.000    1.000    0.000    0.000    
7.09     100      0        100      0        0.500    1.000    1.000    0.000    0.000    
7.10     100      0        100      0        0.500    1.000    1.000    0.000    0.000    
7.11     100      0        100      0        0.500    1.000    1.000    0.000    0.000    
7.12     100      0        100      0        0.500    1.000    1.000    0.000    0.000    
7.13     100      0        100      0        0.500    1.000    1.000    0.000    0.000    
7.14     100      0        100      0        0.500    1.000    1.000    0.000    0.000    
7.15     100      0        100      0        0.500    1.000    1.000    0.000    0.000    
7.16     100      0        100      0        0.500    1.000    1.000    0.000    0.000    
7.17     100      0        100      0        0.500    1.000    1.000    0.000    0.000    
7.18     100      0        100      0        0.500    1.000    1.000    0.000    0.000    
7.19     100      0        100      0        0.500    1.000    1.000    0.000    0.000    
7.20     100      0        100      0        0.500    1.000    1.000    0.000    0.000    
7.21     100      0        100      0        0.500    1.000    1.000    0.000    0.000    
7.22     100      0        100      0        0.500    1.000    1.000    0.000    0.000    
7.23     100      0        100      0        0.500    1.000    1.000    0.000    0.000    
7.24     100      0        100      0        0.500    1.000    1.000    0.000    0.000    
7.25     100      0        100      0        0.500    1.000    1.000    0.000    0.000    
7.26     100      0        100      0        0.500    1.000    1.000    0.000    0.000    
7.27     100      0        100      0        0.500    1.000    1.000    0.000    0.000    
7.28     100      0        100      0        0.500    1.000    1.000    0.000    0.000    
7.29     100      0        100      0        0.500    1.000    1.000    0.000    0.000    
7.30     100      0        100      0        0.500    1.000    1.000    0.000    0.000    
7.31     100      0        100      0        0.500    1.000    1.000    0.000    0.000    
7.32     100      0        100      0        0.500    1.000    1.000    0.000    0.000    
7.33     100      0        100      0        0.500    1.000    1.000    0.000    0.000    
7.34     100      0        100      0        0.500    1.000    1.000    0.000    0.000    
7.35     100      0        100      0        0.500    1.000    1.000    0.000    0.000    
7.36     100      0        100      0        0.500    1.000    1.000    0.000    0.000    
7.37     100      0        100      0        0.500    1.000    1.000    0.000    0.000    
7.38     100      0        100      0        0.500    1.000    1.000    0.000    0.000    
7.39     100      0        100      0        0.500    1.000    1.000    0.000    0.000    
7.40     100      0        100      0        0.500    1.000    1.000    0.000    0.000    
7.41     100      0        100      0        0.500    1.000    1.000    0.000    0.000    
7.42     100      0        100      0        0.500    1.000    1.000    0.000    0.000    
7.43     100      0        100      0        0.500    1.000    1.000    0.000    0.000    
7.44     100      0        100      0        0.500    1.000    1.000    0.000    0.000    
7.45     100      0        100      0        0.500    1.000    1.000    0.000    0.000    
7.46     100      0        100      0        0.500    1.000    1.000    0.000    0.000    
7.47     100      0        100      0        0.500    1.000    1.000    0.000    0.000    
7.48     100      0        100      0        0.500    1.000    1.000    0.000    0.000    
7.49     100      0        100      0        0.500    1.000    1.000    0.000    0.000    
7.50     100      0        100      0        0.500    1.000    1.000    0.000    0.000    
7.51     100      0        100      0        0.500    1.000    1.000    0.000    0.000    
7.52     100      0        100      0        0.500    1.000    1.000    0.000    0.000    
7.53     100      0        100      0        0.500    1.000    1.000    0.000    0.000    
7.54     100      0        100      0        0.500    1.000    1.000    0.000    0.000    
7.55     100      0        100      0        0.500    1.000    1.000    0.000    0.000    
7.56     100      0        100      0        0.500    1.000    1.000    0.000    0.000    
7.57     100      0        100      0        0.500    1.000    1.000    0.000    0.000    
7.58     100      0        100      0        0.500    1.000    1.000    0.000    0.000    
7.59     100      0        100      0        0.500    1.000    1.000    0.000    0.000    
7.60     100      0        100      0        0.500    1.000    1.000    0.000    0.000    
7.61     100      0        100      0        0.500    1.000    1.000    0.000    0.000    
7.62     100      0        100      0        0.500    1.000    1.000    0.000    0.000    
7.63     100      0        100      0        0.500    1.000    1.000    0.000    0.000    
7.64     100      0        100      0        0.500    1.000    1.000    0.000    0.000    
7.65     100      0        100      0        0.500    1.000    1.000    0.000    0.000    
7.66     100      0        100      0        0.500    1.000    1.000    0.000    0.000    
7.67     100      0        100      0        0.500    1.000    1.000    0.000    0.000    
7.68     100      0        100      0        0.500    1.000    1.000    0.000    0.000    
7.69     100      0        100      0        0.500    1.000    1.000    0.000    0.000    
7.70     100      0        100      0        0.500    1.000    1.000    0.000    0.000    
7.71     100      0        100      0        0.500    1.000    1.000    0.000    0.000    
7.72     100      0        100      0        0.500    1.000    1.000    0.000    0.000    
7.73     100      0        100      0        0.500    1.000    1.000    0.000    0.000    
7.74     100      0        100      0        0.500    1.000    1.000    0.000    0.000    
7.75     100      0        100      0        0.500    1.000    1.000    0.000    0.000    
7.76     100      0        100      0        0.500    1.000    1.000    0.000    0.000    
7.77     100      0        100      0        0.500    1.000    1.000    0.000    0.000    
7.78     100      0        100      0        0.500    1.000    1.000    0.000    0.000    
7.79     100      0        100      0        0.500    1.000    1.000    0.000    0.000    
7.80     100      0        100      0        0.500    1.000    1.000    0.000    0.000    
7.81     100      0        100      0        0.500    1.000    1.000    0.000    0.000    
7.82     100      0        100      0        0.500    1.000    1.000    0.000    0.000    
7.83     100      0        100      0        0.500    1.000    1.000    0.000    0.000    
7.84     100      0        100      0        0.500    1.000    1.000    0.000    0.000    
7.85     100      0        100      0        0.500    1.000    1.000    0.000    0.000    
7.86     100      0        100      0        0.500    1.000    1.000    0.000    0.000    
7.87     100      0        100      0        0.500    1.000    1.000    0.000    0.000    
7.88     100      0        100      0        0.500    1.000    1.000    0.000    0.000    
7.89     100      0        100      0        0.500    1.000    1.000    0.000    0.000    
7.90     100      0        100      0        0.500    1.000    1.000    0.000    0.000    
7.91     100      0        100      0        0.500    1.000    1.000    0.000    0.000    
7.92     100      0        100      0        0.500    1.000    1.000    0.000    0.000    
7.93     100      0        100      0        0.500    1.000    1.000    0.000    0.000    
7.94     100      0        100      0        0.500    1.000    1.000    0.000    0.000    
7.95     100      0        100      0        0.500    1.000    1.000    0.000    0.000    
7.96     100      0        100      0        0.500    1.000    1.000    0.000    0.000    
7.97     100      0        100      0        0.500    1.000    1.000    0.000    0.000    
7.98     100      0        100      0        0.500    1.000    1.000    0.000    0.000    
7.99     100      0        100      0        0.500    1.000    1.000    0.000    0.000    
8.00     100      0        100      0        0.500    1.000    1.000    0.000    0.000    
8.01     100      0        100      0        0.500    1.000    1.000    0.000    0.000    
8.02     100      0        100      0        0.500    1.000    1.000    0.000    0.000    
8.03     100      0        100      0        0.500    1.000    1.000    0.000    0.000    
8.04     100      0        100      0        0.500    1.000    1.000    0.000    0.000    
8.05     100      0        100      0        0.500    1.000    1.000    0.000    0.000    
8.06     100      0        100      0        0.500    1.000    1.000    0.000    0.000    
8.07     100      0        100      0        0.500    1.000    1.000    0.000    0.000    
8.08     100      0        100      0        0.500    1.000    1.000    0.000    0.000    
8.09     100      0        100      0        0.500    1.000    1.000    0.000    0.000    
8.10     100      0        100      0        0.500    1.000    1.000    0.000    0.000    
8.11     100      0        100      0        0.500    1.000    1.000    0.000    0.000    
8.12     100      0        100      0        0.500    1.000    1.000    0.000    0.000    
8.13     100      0        100      0        0.500    1.000    1.000    0.000    0.000    
8.14     100      0        100      0        0.500    1.000    1.000    0.000    0.000    
8.15     100      0        100      0        0.500    1.000    1.000    0.000    0.000    
8.16     100      0        100      0        0.500    1.000    1.000    0.000    0.000    
8.17     100      0        100      0        0.500    1.000    1.000    0.000    0.000    
8.18     100      0        100      0        0.500    1.000    1.000    0.000    0.000    
8.19     100      0        100      0        0.500    1.000    1.000    0.000    0.000    
8.20     100      0        100      0        0.500    1.000    1.000    0.000    0.000    
8.21     100      0        100      0        0.500    1.000    1.000    0.000    0.000    
8.22     100      0        100      0        0.500    1.000    1.000    0.000    0.000    
8.23     100      0        100      0        0.500    1.000    1.000    0.000    0.000    
8.24     100      0        100      0        0.500    1.000    1.000    0.000    0.000    
8.25     100      0        100      0        0.500    1.000    1.000    0.000    0.000    
8.26     100      0        100      0        0.500    1.000    1.000    0.000    0.000    
8.27     100      0        100      0        0.500    1.000    1.000    0.000    0.000    
8.28     100      0        100      0        0.500    1.000    1.000    0.000    0.000    
8.29     100      0        100      0        0.500    1.000    1.000    0.000    0.000    
8.30     100      0        100      0        0.500    1.000    1.000    0.000    0.000    
8.31     100      0        100      0        0.500    1.000    1.000    0.000    0.000    
8.32     100      0        100      0        0.500    1.000    1.000    0.000    0.000    
8.33     100      0        100      0        0.500    1.000    1.000    0.000    0.000    
8.34     100      0        100      0        0.500    1.000    1.000    0.000    0.000    
8.35     100      0        100      0        0.500    1.000    1.000    0.000    0.000    
8.36     100      0        100      0        0.500    1.000    1.000    0.000    0.000    
8.37     100      0        100      0        0.500    1.000    1.000    0.000    0.000    
8.38     100      0        100      0        0.500    1.000    1.000    0.000    0.000    
8.39     100      0        100      0        0.500    1.000    1.000    0.000    0.000    
8.40     100      0        100      0        0.500    1.000    1.000    0.000    0.000    
8.41     100      0        100      0        0.500    1.000    1.000    0.000    0.000    
8.42     100      0        100      0        0.500    1.000    1.000    0.000    0.000    
8.43     100      0        100      0        0.500    1.000    1.000    0.000    0.000    
8.44     100      0        100      0        0.500    1.000    1.000    0.000    0.000    
8.45     100      0        100      0        0.500    1.000    1.000    0.000    0.000    
8.46     100      0        100      0        0.500    1.000    1.000    0.000    0.000    
8.47     100      0        100      0        0.500    1.000    1.000    0.000    0.000    
8.48     100      0        100      0        0.500    1.000    1.000    0.000    0.000    
8.49     100      0        100      0        0.500    1.000    1.000    0.000    0.000    
8.50     100      0        100      0        0.500    1.000    1.000    0.000    0.000    
8.51     100      0        100      0        0.500    1.000    1.000    0.000    0.000    
8.52     100      0        100      0        0.500    1.000    1.000    0.000    0.000    
8.53     100      0        100      0        0.500    1.000    1.000    0.000    0.000    
8.54     100      0        100      0        0.500    1.000    1.000    0.000    0.000    
8.55     100      0        100      0        0.500    1.000    1.000    0.000    0.000    
8.56     100      0        100      0        0.500    1.000    1.000    0.000    0.000    
8.57     100      0        100      0        0.500    1.000    1.000    0.000    0.000    
8.58     100      0        100      0        0.500    1.000    1.000    0.000    0.000    
8.59     100      0        100      0        0.500    1.000    1.000    0.000    0.000    
8.60     100      0        100      0        0.500    1.000    1.000    0.000    0.000    
8.61     100      0        100      0        0.500    1.000    1.000    0.000    0.000    
8.62     100      0        100      0        0.500    1.000    1.000    0.000    0.000    
8.63     100      0        100      0        0.500    1.000    1.000    0.000    0.000    
8.64     100      0        100      0        0.500    1.000    1.000    0.000    0.000    
8.65     100      0        100      0        0.500    1.000    1.000    0.000    0.000    
8.66     100      0        100      0        0.500    1.000    1.000    0.000    0.000    
8.67     100      0        100      0        0.500    1.000    1.000    0.000    0.000    
8.68     100      0        100      0        0.500    1.000    1.000    0.000    0.000    
8.69     100      0        100      0        0.500    1.000    1.000    0.000    0.000    
8.70     100      0        100      0        0.500    1.000    1.000    0.000    0.000    
8.71     100      0        100      0        0.500    1.000    1.000    0.000    0.000    
8.72     100      0        100      0        0.500    1.000    1.000    0.000    0.000    
8.73     100      0        100      0        0.500    1.000    1.000    0.000    0.000    
8.74     100      0        100      0        0.500    1.000    1.000    0.000    0.000    
8.75     100      0        100      0        0.500    1.000    1.000    0.000    0.000    
8.76     100      0        100      0        0.500    1.000    1.000    0.000    0.000    
8.77     100      0        100      0        0.500    1.000    1.000    0.000    0.000    
8.78     100      0        100      0        0.500    1.000    1.000    0.000    0.000    
8.79     100      0        100      0        0.500    1.000    1.000    0.000    0.000    
8.80     100      0        100      0        0.500    1.000    1.000    0.000    0.000    
8.81     100      0        100      0        0.500    1.000    1.000    0.000    0.000    
8.82     100      0        100      0        0.500    1.000    1.000    0.000    0.000    
8.83     100      0        100      0        0.500    1.000    1.000    0.000    0.000    
8.84     100      0        100      0        0.500    1.000    1.000    0.000    0.000    
8.85     100      0        100      0        0.500    1.000    1.000    0.000    0.000    
8.86     100      0        100      0        0.500    1.000    1.000    0.000    0.000    
8.87     100      0        100      0        0.500    1.000    1.000    0.000    0.000    
8.88     100      0        100      0        0.500    1.000    1.000    0.000    0.000    
8.89     100      0        100      0        0.500    1.000    1.000    0.000    0.000    
8.90     100      0        100      0        0.500    1.000    1.000    0.000    0.000    
8.91     100      0        100      0        0.500    1.000    1.000    0.000    0.000    
8.92     100      0        100      0        0.500    1.000    1.000    0.000    0.000    
8.93     100      0        100      0        0.500    1.000    1.000    0.000    0.000    
8.94     100      0        100      0        0.500    1.000    1.000    0.000    0.000    
8.95     100      0        100      0        0.500    1.000    1.000    0.000    0.000    
8.96     100      0        100      0        0.500    1.000    1.000    0.000    0.000    
8.97     100      0        100      0        0.500    1.000    1.000    0.000    0.000    
8.98     100      0        100      0        0.500    1.000    1.000    0.000    0.000    
8.99     100      0        100      0        0.500    1.000    1.000    0.000    0.000    
9.00     100      0        100      0        0.500    1.000    1.000    0.000    0.000    
9.01     100      0        100      0        0.500    1.000    1.000    0.000    0.000    
9.02     100      0        100      0        0.500    1.000    1.000    0.000    0.000    
9.03     100      0        100      0        0.500    1.000    1.000    0.000    0.000    
9.04     100      0        100      0        0.500    1.000    1.000    0.000    0.000    
9.05     100      0        100      0        0.500    1.000    1.000    0.000    0.000    
9.06     100      0        100      0        0.500    1.000    1.000    0.000    0.000    
9.07     100      0        100      0        0.500    1.000    1.000    0.000    0.000    
9.08     100      0        100      0        0.500    1.000    1.000    0.000    0.000    
9.09     100      0        100      0        0.500    1.000    1.000    0.000    0.000    
9.10     100      0        100      0        0.500    1.000    1.000    0.000    0.000    
9.11     100      0        100      0        0.500    1.000    1.000    0.000    0.000    
9.12     100      0        100      0        0.500    1.000    1.000    0.000    0.000    
9.13     100      0        100      0        0.500    1.000    1.000    0.000    0.000    
9.14     100      0        100      0        0.500    1.000    1.000    0.000    0.000    
9.15     100      0        100      0        0.500    1.000    1.000    0.000    0.000    
9.16     100      0        100      0        0.500    1.000    1.000    0.000    0.000    
9.17     100      0        100      0        0.500    1.000    1.000    0.000    0.000    
9.18     100      0        100      0        0.500    1.000    1.000    0.000    0.000    
9.19     100      0        100      0        0.500    1.000    1.000    0.000    0.000    
9.20     100      0        100      0        0.500    1.000    1.000    0.000    0.000    
9.21     100      0        100      0        0.500    1.000    1.000    0.000    0.000    
9.22     100      0        100      0        0.500    1.000    1.000    0.000    0.000    
9.23     100      0        100      0        0.500    1.000    1.000    0.000    0.000    
9.24     100      0        100      0        0.500    1.000    1.000    0.000    0.000    
9.25     100      0        100      0        0.500    1.000    1.000    0.000    0.000    
9.26     100      0        100      0        0.500    1.000    1.000    0.000    0.000    
9.27     100      0        100      0        0.500    1.000    1.000    0.000    0.000    
9.28     100      0        100      0        0.500    1.000    1.000    0.000    0.000    
9.29     100      0        100      0        0.500    1.000    1.000    0.000    0.000    
9.30     100      0        100      0        0.500    1.000    1.000    0.000    0.000    
9.31     100      0        100      0        0.500    1.000    1.000    0.000    0.000    
9.32     100      0        100      0        0.500    1.000    1.000    0.000    0.000    
9.33     100      0        100      0        0.500    1.000    1.000    0.000    0.000    
9.34     100      0        100      0        0.500    1.000    1.000    0.000    0.000    
9.35     100      0        100      0        0.500    1.000    1.000    0.000    0.000    
9.36     100      0        100      0        0.500    1.000    1.000    0.000    0.000    
9.37     100      0        100      0        0.500    1.000    1.000    0.000    0.000    
9.38     100      0        100      0        0.500    1.000    1.000    0.000    0.000    
9.39     100      0        100      0        0.500    1.000    1.000    0.000    0.000    
9.40     100      0        100      0        0.500    1.000    1.000    0.000    0.000    
9.41     100      0        100      0        0.500    1.000    1.000    0.000    0.000    
9.42     100      0        100      0        0.500    1.000    1.000    0.000    0.000    
9.43     100      0        100      0        0.500    1.000    1.000    0.000    0.000    
9.44     100      0        100      0        0.500    1.000    1.000    0.000    0.000    
9.45     100      0        100      0        0.500    1.000    1.000    0.000    0.000    
9.46     100      0        100      0        0.500    1.000    1.000    0.000    0.000    
9.47     100      0        100      0        0.500    1.000    1.000    0.000    0.000    
9.48     100      0        100      0        0.500    1.000    1.000    0.000    0.000    
9.49     100      0        100      0        0.500    1.000    1.000    0.000    0.000    
9.50     100      0        100      0        0.500    1.000    1.000    0.000    0.000    
9.51     100      0        100      0        0.500    1.000    1.000    0.000    0.000    
9.52     100      0        100      0        0.500    1.000    1.000    0.000    0.000    
9.53     100      0        100      0        0.500    1.000    1.000    0.000    0.000    
9.54     100      0        100      0        0.500    1.000    1.000    0.000    0.000    
9.55     100      0        100      0        0.500    1.000    1.000    0.000    0.000    
9.56     100      0        100      0        0.500    1.000    1.000    0.000    0.000    
9.57     100      0        100      0        0.500    1.000    1.000    0.000    0.000    
9.58     100      0        100      0        0.500    1.000    1.000    0.000    0.000    
9.59     100      0        100      0        0.500    1.000    1.000    0.000    0.000    
9.60     100      0        100      0        0.500    1.000    1.000    0.000    0.000    
9.61     100      0        100      0        0.500    1.000    1.000    0.000    0.000    
9.62     100      0        100      0        0.500    1.000    1.000    0.000    0.000    
9.63     100      0        100      0        0.500    1.000    1.000    0.000    0.000    
9.64     100      0        100      0        0.500    1.000    1.000    0.000    0.000    
9.65     100      0        100      0        0.500    1.000    1.000    0.000    0.000    
9.66     100      0        100      0        0.500    1.000    1.000    0.000    0.000    
9.67     100      0        100      0        0.500    1.000    1.000    0.000    0.000    
9.68     100      0        100      0        0.500    1.000    1.000    0.000    0.000    
9.69     100      0        100      0        0.500    1.000    1.000    0.000    0.000    
9.70     100      0        100      0        0.500    1.000    1.000    0.000    0.000    
9.71     100      0        100      0        0.500    1.000    1.000    0.000    0.000    
9.72     100      0        100      0        0.500    1.000    1.000    0.000    0.000    
9.73     100      0        100      0        0.500    1.000    1.000    0.000    0.000    
9.74     100      0        100      0        0.500    1.000    1.000    0.000    0.000    
9.75     100      0        100      0        0.500    1.000    1.000    0.000    0.000    
9.76     100      0        100      0        0.500    1.000    1.000    0.000    0.000    
9.77     100      0        100      0        0.500    1.000    1.000    0.000    0.000    
9.78     100      0        100      0        0.500    1.000    1.000    0.000    0.000    
9.79     100      0        100      0        0.500    1.000    1.000    0.000    0.000    
9.80     100      0        100      0        0.500    1.000    1.000    0.000    0.000    
9.81     100      0        100      0        0.500    1.000    1.000    0.000    0.000    
9.82     100      0        100      0        0.500    1.000    1.000    0.000    0.000    
9.83     100      0        100      0        0.500    1.000    1.000    0.000    0.000    
9.84     100      0        100      0        0.500    1.000    1.000    0.000    0.000    
9.85     100      0        100      0        0.500    1.000    1.000    0.000    0.000    
9.86     100      0        100      0        0.500    1.000    1.000    0.000    0.000    
9.87     100      0        100      0        0.500    1.000    1.000    0.000    0.000    
9.88     100      0        100      0        0.500    1.000    1.000    0.000    0.000    
9.89     100      0        100      0        0.500    1.000    1.000    0.000    0.000    
9.90     100      0        100      0        0.500    1.000    1.000    0.000    0.000    
9.91     100      0        100      0        0.500    1.000    1.000    0.000    0.000    
9.92     100      0        100      0        0.500    1.000    1.000    0.000    0.000    
9.93     100      0        100      0        0.500    1.000    1.000    0.000    0.000    
9.94     100      0        100      0        0.500    1.000    1.000    0.000    0.000    
9.95     100      0        100      0        0.500    1.000    1.000    0.000    0.000    
9.96     100      0        100      0        0.500    1.000    1.000    0.000    0.000    
9.97     100      0        100      0        0.500    1.000    1.000    0.000    0.000    
9.98     100      0        100      0        0.500    1.000    1.000    0.000    0.000    
9.99     100      0        100      0        0.500    1.000    1.000    0.000    0.000    
10.00    100      0        100      0        0.500    1.000    1.000    0.000    0.000    
